image_00000 222 270 244 298
image_00001 221 268 244 298
image_00002 222 268 244 298
image_00003 222 265 242 294
image_00004 223 265 245 297
image_00005 224 265 245 297
image_00006 222 262 246 297
image_00007 222 262 245 298
image_00008 221 262 245 297
image_00009 219 261 245 296
image_00010 219 260 246 298
image_00011 218 260 247 298
image_00012 218 260 246 298
image_00013 215 237 254 298
image_00014 212 242 254 299
image_00015 214 245 259 300
image_00016 212 243 258 301
image_00017 212 239 257 301
image_00018 213 236 264 301
image_00019 212 244 263 301
image_00020 212 244 263 302
image_00021 209 241 263 301
image_00022 208 242 266 303
image_00023 209 240 264 302
image_00024 209 243 265 304
image_00025 210 240 263 303
image_00026 218 244 264 304
image_00027 216 242 260 305
image_00028 227 239 263 304
image_00029 228 234 265 305
image_00030 231 234 264 303
image_00031 233 237 265 307
image_00032 234 235 266 305
image_00033 235 231 269 308
image_00034 236 237 271 309
image_00035 234 235 270 307
image_00036 229 230 276 308
image_00037 234 234 279 310
image_00038 234 233 281 310
image_00039 236 239 280 308
image_00040 235 243 277 311
image_00041 230 242 276 308
image_00042 234 239 277 308
image_00043 236 237 279 308
image_00044 231 235 279 306
image_00045 232 237 276 306
image_00046 232 234 279 310
image_00047 235 236 279 309
image_00048 233 235 279 309
image_00049 245 229 276 272
image_00050 248 234 280 275
image_00051 249 232 282 275
image_00052 249 235 278 270
image_00053 253 239 276 266
image_00054 255 239 275 266
image_00055 256 241 275 264
image_00056 258 239 276 266
image_00057 255 237 273 263
image_00058 256 237 271 260
image_00059 258 239 271 261
image_00060 254 242 272 262
image_00061 255 240 270 261
image_00062 254 236 270 260
image_00063 254 236 269 259
